  Scan           Source      Vel    Proc Seq    RestF nIF nInt nFd     Az    El
-------------------------------------------------------------------------------
   220            3C286      0.0   OffOn   1    1.400   1    6   1  184.6  82.0
   221            3C286      0.0   OffOn   2    1.400   1    6   1  186.6  82.0
   222            3C286      0.0   OffOn   1    1.400   1    6   1  193.2  81.9
   223            3C286      0.0   OffOn   2    1.400   1    6   1  195.1  81.8
   224            3C286      0.0   OffOn   1    1.400   1    6   1  195.0  80.3
   225            3C286      0.0   OffOn   2    1.400   1    5   1  199.5  81.6
   226            3C286      0.0   OffOn   1    1.400   1    6   1  200.3  80.1
   227            3C286      0.0   OffOn   2    1.400   1    6   1  205.4  81.3
   228        B1328+254      0.0   OffOn   1    1.400   1    6   1  207.2  74.0
   229        B1328+254      0.0   OffOn   2    1.400   1    6   1  210.6  75.2
   230        B1345+125      0.0   OffOn   1    1.400   1   18   1  192.5  62.1
   231        B1345+125      0.0   OffOn   2    1.400   1   18   1  194.9  63.4
   244        B1345+125      0.0   OffOn   1    1.400   1   18   1  200.3  61.0
   245        B1345+125      0.0   OffOn   2    1.400   1   18   1  202.8  62.2
   246        B1345+125      0.0   OffOn   1    1.400   1   18   1  203.7  60.5
   247        B1345+125      0.0   OffOn   2    1.400   1   18   1  206.3  61.6
   248        B1345+125      0.0   OffOn   1    1.370   1   18   1  207.4  59.8
   249        B1345+125      0.0   OffOn   2    1.370   1   18   1  210.1  60.8
   250        B1345+125      0.0   Track   1    1.370   1    3   1  215.2  59.6
   251        B1345+125      0.0   Track   1    1.370   1    3   1  215.9  59.4
   263            U8091    213.0   OffOn   1    1.420   1   30   1  240.5  51.1
   264            U8091    213.0   OffOn   2    1.420   1   30   1  240.3  51.2
   265            U8091    213.0   Track   1    1.420   1    3   1  243.4  49.4
   266            U8249   2541.0   OffOn   1    1.420   1   10   1  241.5  50.4
   267            U8249   2541.0   OffOn   1    1.420   1   30   1  242.1  50.1
   268            U8249   2541.0   OffOn   2    1.420   1   30   1  241.9  50.2
   269            U8249   2541.0   Track   1    1.420   1    3   1  244.9  48.1
   270            U8503   4676.0   OffOn   1    1.420   1   30   1  269.8  60.7
   271            U8503   4676.0   OffOn   2    1.420   1   30   1  269.6  61.0
   272            U8091    213.0   OffOn   1    1.420   1   30   1  253.1  41.9
   273            U8091    213.0   OffOn   2    1.420   1   30   1  253.0  42.0
   274            U8091    213.0   Track   1    1.420   1    3   1  255.5  39.6
   275            U8249   2541.0   OffOn   1    1.420   1   30   1  266.1  47.3
   276            U8249   2541.0   OffOn   2    1.420   1   30   1  266.0  47.5
   277            U8249   2541.0   Track   1    1.420   1    3   1  267.9  45.2
   278            U9965   4524.0   OffOn   1    1.420   1   30   1  220.3  68.0
   279            U9965   4524.0   OffOn   2    1.420   1   30   1  219.9  68.1
   280            U9965   4524.0   Track   1    1.420   1    3   1  222.8  67.4
   281           U10351    891.0   OffOn   1    1.420   1   30   1  219.3  77.8
   282           U10351    891.0   OffOn   2    1.420   1   30   1  218.4  77.9
   283           U10351    891.0   Track   1    1.420   1    3   1  227.8  76.3
   284            U9007   4618.0   OffOn   1    1.420   1   30   1  248.1  38.8
   285            U9007   4618.0   OffOn   2    1.420   1   30   1  248.0  38.9
   286            U9007   4618.0   Track   1    1.420   1    3   1  250.5  36.7
   287            U9007   5257.0   OffOn   1    1.420   1   30   1  233.6  48.4
   288            U9007   5257.0   OffOn   2    1.420   1   30   1  233.5  48.5
   289            U9803   5257.0   OffOn   1    1.420   1   30   1  264.5  58.5
   290            U9803   5257.0   OffOn   2    1.420   1   30   1  264.3  58.7
   291            U9803   5257.0   Track   1    1.420   1    3   1  266.5  56.3
   292           U10351    891.0   OffOn   1    1.420   1   30   1  251.4  67.5
   293           U10351    891.0   OffOn   2    1.420   1   30   1  251.1  67.8
   294           U10351    891.0   Track   1    1.420   1    3   1  255.3  65.0
   295           U10629   2980.0   OffOn   1    1.420   1   30   1  232.9  67.2
   296           U10629   2980.0   OffOn   2    1.420   1   30   1  232.6  67.4
   297           U10629   2980.0   OffOn   1    1.420   1   30   1  237.4  65.5
   298           U10629   2980.0   OffOn   2    1.420   1   30   1  237.1  65.6
   299           U10629   2980.0   Track   1    1.420   1    3   1  241.4  63.6
   300           U11017   4644.0   OffOn   1    1.420   1   30   1  234.0  76.6
   301           U11017   4644.0   OffOn   2    1.420   1   30   1  233.2  76.8
   302           U11017   4644.0   OffOn   1    1.420   1   30   1  240.3  74.8
   303           U11017   4644.0   OffOn   2    1.420   1   30   1  239.7  75.0
   304           U11017   4644.0   Track   1    1.420   1    3   1  242.6  74.0
   305           U11017   4644.0   Track   1    1.420   1    1   1  242.9  73.8
   306           U11017   4644.0   Track   1    1.420   1    3   1  246.0  72.6
   307           U11461   3122.0   OffOn   1    1.420   1   30   1  166.9  59.8
   308           U11461   3122.0   OffOn   2    1.420   1   30   1  166.7  59.8
   309           U11461   3122.0   OffOn   1    1.420   1   30   1  172.3  60.2
   310           U11461   3122.0   OffOn   2    1.420   1   30   1  172.1  60.2
   311           U11461   3122.0   Track   1    1.420   1    3   1  178.0  60.4
   312           U11578   4601.0   OffOn   1    1.420   1   30   1  155.3  58.6
   313           U11578   4601.0   OffOn   2    1.420   1   30   1  155.1  58.6
   314           U11578   4601.0   Track   1    1.420   1    3   1  160.4  59.4
   315           U11578   4601.0   Track   1    1.420   1    3   1  160.9  59.5
   316           U11627   4864.0   OffOn   1    1.420   1   30   1  156.8  55.2
   317           U11627   4864.0   OffOn   2    1.420   1   30   1  156.6  55.1
   318           U11627   4864.0   OffOn   1    1.420   1   30   1  161.4  55.9
   319           U11627   4864.0   OffOn   2    1.420   1   30   1  161.3  55.9
   320           U11627   4864.0   Track   1    1.420   1    3   1  166.7  56.6
   321           U11992   3592.0   Track   1    1.420   1    3   1  124.4  54.3
   322           U11992   3592.0   OffOn   1    1.420   1   30   1  124.9  54.5
   323           U11992   3592.0   OffOn   2    1.420   1   30   1  124.7  54.4
